,00010,00095,00300,00400,00405,00600,00605,00618,00660,00665,00681,00915,00925,00930,00935,00940,00945,00950,00955,70303,71846,80154
0,28.5,7.734999895095825,12.994999885559082,-5.454999923706055,-5.505000114440918,20.170000076293945,154.89999389648438,24.855000495910645,999.1999816894531,3.7699999809265137,0.004999999888241291,9.365000247955322,9.365000247955322,5.5,1.0,-4.644999980926514,0.38499999046325684,0.7549999952316284,13.900000095367432,13.225000381469727,0.42499999701976776,51.93000030517578
1,37.80999946594238,6.085000038146973,8.25,-3.319999933242798,6.205000162124634,0.014999999664723873,137.5500030517578,69.77999877929688,4567.85009765625,3.6299999952316284,3.4149999618530273,8.09000015258789,13.225000381469727,7.5950000286102295,50.95000076293945,4.799999952316284,169.1999969482422,41.44000053405762,77.32500076293945,10.450000286102295,0.39499999582767487,6.25
2,94.8499984741211,5.335000038146973,1.8499999642372131,7.745000123977661,86.75,12.610000133514404,52.85000038146973,1.6800000071525574,56.33500099182129,34.255001068115234,103.1500015258789,11.429999828338623,9.980000019073486,13.225000381469727,15.349999904632568,-7.009999990463257,0.1875,0.044999999925494194,98.64500045776367,6.610000133514404,11.924999713897705,0.0950000025331974
3,37.11000061035156,30.815000534057617,10.450000286102295,18.21500015258789,-3.1050000190734863,13.164999961853027,46.25,4.865000009536743,1.2285000085830688,76.75,10.5,1.1549999713897705,9.62999963760376,129.9000015258789,59.80000114440918,-1.3849999904632568,0.7199999988079071,4.365000009536743,70.47000122070312,0.8700000047683716,53.79999923706055,0.3800000101327896
4,0.7849999964237213,95.41999816894531,0.7199999988079071,-3.399999976158142,6.860000133514404,0.014999999664723873,20.65000057220459,32.02499961853027,3.774999976158142,4.1600000858306885,11.200000286102295,0.375,6.520000219345093,37.55000114440918,50.920000076293945,-4.610000133514404,0.7849999964237213,0.5,68.9000015258789,11.125,0.48000000417232513,0.07499999925494194
5,67.8499984741211,38.079999923706055,0.9800000190734863,7.294999837875366,5.769999980926514,110.5,15.550000190734863,27.675000190734863,91.95000076293945,45.30999946594238,10.0,0.48999999463558197,0.5649999976158142,54.65500068664551,1.125,122.39999771118164,7.759999990463257,0.5,0.23499999940395355,1.3100000023841858,0.4350000023841858,9.105000019073486
6,56.70000076293945,63.44499969482422,15.200000286102295,8.555000305175781,64.5,761.1499938964844,18.299999237060547,0.48499999940395355,53.170000076293945,100.75,8.75,1.3100000023841858,112.3499984741211,94.0999984741211,8.5,7.879999876022339,17.859999656677246,0.5,0.3500000089406967,7.4100000858306885,1.2699999809265137,0.9600000083446503
7,5.1499998569488525,55.03499984741211,1.8199999928474426,6.0,6.409999847412109,14.115000247955322,139.4000015258789,0.5649999976158142,57.10000038146973,57.75,24007.0,0.39499999582767487,105.70000076293945,271.75,6.5,15.050000190734863,13.994999885559082,0.5,0.4999999850988388,48.654998779296875,30.019999504089355,6.134999990463257
8,2.75,56.864999771118164,0.38499999046325684,86.4000015258789,7.0,14.264999866485596,14.200000286102295,49.29999923706055,0.11999999731779099,27.635000228881836,18.0,1.3650000095367432,104.20000076293945,3514.0,0.19500000029802322,30.5,1.4850000143051147,0.5,0.11499999836087227,45.14999961853027,0.3999999910593033,0.9950000047683716
9,65.14999771118164,92.47500228881836,0.14500000327825546,43.53499984741211,77.14999771118164,14.454999923706055,551.8000183105469,4567.85009765625,1.425000011920929,6.555000066757202,104.64999771118164,8.690000057220459,81.54999923706055,1.125,1.2300000190734863,30.5,8.169999599456787,0.5,96.10000228881836,49.760000228881836,23.964999198913574,3.7249999046325684
