,lev0,lev1,lev2
06-02-14,505,505,146
05-03-01,212,176,135
08-03-04,1267,402,127
08-04-01,1267,312,107
09-02-03,532,189,102
08-03-05,1267,402,97
08-02-03,1267,190,93
06-02-10,505,505,91
08-05-03,1267,139,90
09-04-02,532,252,82
08-03-01,1267,402,72
08-01-07,1267,224,68
08-02-04,1267,190,67
08-04-02,1267,312,61
06-02-07,505,505,53
08-04-04,1267,312,52
11-01-01,71,71,50
09-03-03,532,68,49
06-02-12,505,505,48
08-01-06,1267,224,46
06-02-13,505,505,46
09-02-01,532,189,42
05-03-03,212,176,41
09-04-06,532,252,40
09-02-04,532,189,36
13-01-01,35,35,35
08-04-05,1267,312,35
05-02-01,212,36,34
09-04-05,532,252,34
09-04-01,532,252,33
06-02-15,505,505,31
08-04-03,1267,312,30
08-03-02,1267,402,29
08-05-04,1267,139,28
08-03-07,1267,402,28
08-02-01,1267,190,27
09-04-03,532,252,26
10-01-05,118,115,25
08-03-03,1267,402,25
08-01-10,1267,224,23
08-01-01,1267,224,23
10-01-06,118,115,21
07-01-08,32,32,21
10-01-03,118,115,20
08-01-04,1267,224,20
11-01-03,71,71,20
09-04-04,532,252,19
08-01-03,1267,224,19
06-02-11,505,505,19
09-05-01,532,19,19
06-02-08,505,505,19
09-04-07,532,252,18
10-01-07,118,115,18
08-05-01,1267,139,18
06-02-03,505,505,18
08-03-08,1267,402,18
10-01-04,118,115,18
06-02-05,505,505,17
08-01-05,1267,224,16
08-04-08,1267,312,12
09-03-04,532,68,11
06-02-04,505,505,10
09-02-02,532,189,9
08-01-08,1267,224,9
09-03-01,532,68,8
08-04-09,1267,312,8
10-01-02,118,115,8
06-02-09,505,505,7
07-01-09,32,32,6
08-03-06,1267,402,6
07-01-07,32,32,5
08-04-07,1267,312,5
10-01-08,118,115,5
09-06-01,532,4,4
08-02-02,1267,190,3
08-05-02,1267,139,3
08-04-06,1267,312,2
05-02-02,212,36,2
10-02-04,118,3,2
11-01-02,71,71,1
12-01-01,1,1,1
10-02-01,118,3,1
