,lev0,lev1,lev2
08-04-01,1357,307,125
08-03-05,1357,467,114
08-03-04,1357,467,110
09-02-03,557,199,102
09-04-02,557,252,102
08-05-03,1357,163,98
06-02-14,318,318,88
08-01-07,1357,238,86
08-03-01,1357,467,82
08-02-03,1357,182,81
05-03-01,133,105,77
11-01-01,91,91,72
09-03-03,557,75,62
06-02-10,318,318,59
08-03-02,1357,467,57
08-04-02,1357,307,54
08-02-04,1357,182,54
09-04-03,557,252,51
10-01-06,232,210,51
08-04-03,1357,307,46
09-02-04,557,199,45
10-01-05,232,210,44
08-03-07,1357,467,37
08-01-01,1357,238,36
08-03-03,1357,467,36
08-04-05,1357,307,35
08-05-01,1357,163,32
08-04-04,1357,307,31
10-01-07,232,210,30
09-02-01,557,199,30
09-04-05,557,252,29
10-01-08,232,210,29
08-02-01,1357,182,28
05-03-03,133,105,28
06-02-13,318,318,28
06-02-07,318,318,27
05-02-01,133,28,27
08-01-06,1357,238,27
09-04-07,557,252,27
08-01-03,1357,238,27
10-01-04,232,210,26
07-01-08,61,61,26
08-05-04,1357,163,26
09-05-01,557,25,25
08-03-08,1357,467,24
06-02-12,318,318,24
13-01-01,23,23,23
09-04-06,557,252,22
09-02-02,557,199,22
06-02-03,318,318,22
06-02-11,318,318,19
06-02-15,318,318,19
07-01-09,61,61,19
08-02-02,1357,182,19
08-01-05,1357,238,18
08-01-04,1357,238,17
10-01-02,232,210,17
07-01-07,61,61,16
08-01-10,1357,238,14
10-01-03,232,210,13
08-01-08,1357,238,13
09-04-04,557,252,12
06-02-08,318,318,12
09-03-01,557,75,11
10-02-04,232,22,11
11-01-02,91,91,11
09-04-01,557,252,9
11-01-03,91,91,8
06-02-05,318,318,8
08-05-02,1357,163,7
06-02-09,318,318,7
08-03-06,1357,467,7
09-06-01,557,6,6
08-04-09,1357,307,6
10-02-01,232,22,6
08-04-08,1357,307,5
06-02-04,318,318,5
10-02-02,232,22,5
08-04-07,1357,307,3
08-04-06,1357,307,2
09-03-04,557,75,2
05-02-02,133,28,1
12-01-01,1,1,1
